0 0.0834609 0.456624 0.078125 0.0270824
0 0.468473 0.462124 0.0680078 0.0211647
0 0.385848 0.533224 0.105102 0.0364
0 0.163559 0.493018 0.0663203 0.0372353
0 0.886352 0.5548 0.154 0.0626353
0 0.912769 0.639441 0.0640703 0.0423177
0 0.0477734 0.556071 0.0955469 0.0533177
0 0.368703 0.470588 0.0741875 0.0262353
0 0.614879 0.513324 0.103414 0.0389294
0 0.51343 0.497671 0.073625 0.0296235
0 0.934969 0.471435 0.07925 0.0245412
0 0.730106 0.534918 0.0865547 0.0347059
0 0.804012 0.488359 0.129836 0.0380823
0 0.584535 0.459582 0.0708203 0.0194706
0 0.506691 0.613629 0.0466484 0.0397765
0 0.792496 0.664829 0.111289 0.0727882
0 0.228195 0.477365 0.100047 0.0364
0 0.104543 0.605165 0.0505859 0.0296235
0 0.90518 0.517135 0.0815001 0.0397765
0 0.319523 0.435041 0.0342813 0.0211647
0 0.533105 0.434618 0.0466484 0.0203176
