0 0.491496 0.405674 0.0479609 0.124819
0 0.638348 0.320847 0.0341172 0.0870278
0 0.850227 0.301514 0.0237344 0.0624167
0 0.801031 0.362167 0.0321406 0.0993333
0 0.83193 0.429417 0.0652657 0.168778
0 0.739711 0.323486 0.0360938 0.0887778
0 0.463559 0.364799 0.0395547 0.102847
0 0.617828 0.463694 0.0583437 0.156472
0 0.563934 0.335354 0.0326328 0.082625
0 0.363676 0.360847 0.0395547 0.0896667
0 0.355766 0.496222 0.0712031 0.175806
0 0.234625 0.438639 0.0504375 0.141528
0 0.155754 0.364368 0.0479609 0.123069
0 0.389633 0.481722 0.0459844 0.166139
0 0.199762 0.46941 0.0608203 0.164375
0 0.26602 0.378868 0.0449922 0.115153
