0 0.247023 0.767075 0.138828 0.21422
0 0.0238867 0.387122 0.0309141 0.0447011
0 0.108195 0.520803 0.080375 0.101208
0 0.26332 0.36772 0.118594 0.0396366
0 0.0702578 0.331038 0.0438437 0.0506096
0 0.174801 0.320492 0.106789 0.0868699
0 0.348473 0.285064 0.0326016 0.026143
0 0.188004 0.396395 0.0500234 0.0413247
0 0.517934 0.637192 0.286086 0.0708441
0 0.759047 0.781419 0.272594 0.180492
0 0.37573 0.484115 0.0466485 0.051442
0 0.406082 0.415375 0.142195 0.0404807
0 0.524395 0.233623 0.0449609 0.0328957
