0 0.430531 0.552427 0.0415937 0.0345838
0 0.383316 0.662069 0.050586 0.0430129
0 0.422098 0.80629 0.0921797 0.0733764
0 0.820594 0.416219 0.0618282 0.0489214
0 0.558676 0.554959 0.0640703 0.0328957
0 0.669402 0.473564 0.0314765 0.0236108
0 0.509215 0.635504 0.141633 0.104584
0 0.648039 0.501407 0.0359688 0.0252989
0 0.762984 0.480317 0.0365313 0.0252989
0 0.666594 0.622011 0.0404687 0.0489215
0 0.594086 0.70466 0.0393437 0.0387925
0 0.308566 0.632128 0.141633 0.0421689
0 0.858535 0.395141 0.0297891 0.0202462
0 0.544066 0.485381 0.0314765 0.0236108
0 0.508094 0.511946 0.0415937 0.0295193
