0 0.839988 0.730809 0.30407 0.151817
0 0.68018 0.62415 0.00837498 0.00790151
0 0.18809 0.688171 0.00811719 0.009449
0 0.393434 0.630868 0.129273 0.0902462
0 0.207801 0.674859 0.0144609 0.0111255
0 0.567953 0.667972 0.197281 0.115545
0 0.594645 0.57646 0.0269765 0.0236108
0 0.671672 0.649426 0.00560937 0.0247597
0 0.691191 0.603488 0.00552344 0.00699883
0 0.633008 0.564431 0.00984373 0.0190387
0 0.720016 0.593376 0.00431252 0.0209847
0 0.638449 0.607567 0.00449219 0.0167057
0 0.730508 0.588523 0.00440626 0.0192966
0 0.618898 0.603159 0.0114843 0.00997656
0 0.65791 0.587491 0.0106172 0.00841734
0 0.78741 0.59078 0.00352345 0.0156272
0 0.769555 0.626588 0.00560937 0.0180305
0 0.78132 0.624426 0.00640626 0.0156272
0 0.706676 0.668419 0.00928907 0.0257178
0 0.696801 0.615469 0.00500779 0.011782
0 0.69257 0.570774 0.00379686 0.0190387
