0 0.59134 0.92988 0.25343 0.0643646
0 0.330598 0.746526 0.116867 0.0550521
0 0.478594 0.88288 0.138469 0.0719896
0 0.239453 0.414969 0.146719 0.0508125
0 0.123227 0.517445 0.136562 0.0304852
0 0.0493828 0.609333 0.0987656 0.0635209
0 0.76823 0.480177 0.137195 0.0575833
0 0.447793 0.512365 0.135289 0.0406459
0 0.422379 0.317156 0.156883 0.0415
0 0.0447812 0.505167 0.0889219 0.0364167
0 0.444613 0.751615 0.102258 0.0415
0 0.217859 0.315885 0.078125 0.0389584
0 0.44843 0.57038 0.111156 0.0618229
0 0.377285 0.398464 0.109883 0.0499688
0 0.93207 0.91125 0.135859 0.06775
0 0.861594 0.589005 0.148625 0.0347187
0 0.0593867 0.321391 0.0813047 0.0279479
0 0.23882 0.639401 0.196266 0.0592813
0 0.617695 0.528031 0.172766 0.060125
0 0.144496 0.32012 0.0749453 0.0304896
0 0.249305 0.887104 0.185469 0.0431875
