0 0.63993 0.0901875 0.147359 0.060125
0 0.538297 0.164724 0.127031 0.0550521
0 0.200871 0.41963 0.401742 0.0787604
0 0.606266 0.25999 0.143547 0.0457292
0 0.0651055 0.936234 0.12957 0.0719896
0 0.359184 0.759651 0.171492 0.103323
0 0.769184 0.154979 0.14418 0.0609792
0 0.880652 0.130839 0.133383 0.0567396
0 0.751719 0.709266 0.185469 0.117719
0 0.474469 0.653375 0.230562 0.075375
0 0.972402 0.128302 0.0551953 0.0431875
0 0.342035 0.598323 0.166414 0.0584375
0 0.598641 0.751609 0.278203 0.119406
0 0.112422 0.724932 0.203891 0.088073
0 0.336 0.507281 0.319484 0.0779167
0 0.501461 0.577995 0.177844 0.0618229
