0 0.202934 0.163453 0.0571641 0.0135521
0 0.282648 0.240094 0.0743125 0.02625
0 0.859371 0.721542 0.114961 0.0965417
0 0.605313 0.638974 0.128937 0.0669063
0 0.527504 0.263802 0.106711 0.0415
0 0.387449 0.132115 0.0933672 0.0271042
0 0.121629 0.403542 0.0787578 0.0584375
0 0.211828 0.373901 0.0965469 0.0499688
0 0.287414 0.163026 0.0889219 0.0347188
0 0.372207 0.361615 0.126398 0.0406458
0 0.112426 0.547089 0.10607 0.0660521
0 0.923496 0.529729 0.153008 0.0821458
0 0.689152 0.835031 0.210242 0.0779167
0 0.310273 0.460698 0.168953 0.0406458
0 0.636434 0.222734 0.0882891 0.0254062
0 0.629129 0.399734 0.0622422 0.0474271
0 0.408094 0.249411 0.0724063 0.0381146
0 0.374742 0.431906 0.103531 0.06775
