0 0.70027 0.847313 0.14482 0.0584375
0 0.799988 0.671156 0.0736797 0.0431875
0 0.89082 0.617375 0.0965469 0.0389584
0 0.641512 0.755422 0.21532 0.0321771
0 0.90098 0.716469 0.057164 0.0389584
0 0.96132 0.690641 0.0724062 0.0211771
0 0.934961 0.797339 0.0819374 0.0448854
0 0.383008 0.486958 0.0438281 0.0287916
0 0.280105 0.465786 0.0247735 0.0152396
0 0.285711 0.357521 0.0387969 0.0165
0 0.769949 0.411943 0.0576016 0.0142813
0 0.714238 0.578422 0.0393828 0.0355729
0 0.603727 0.478073 0.0711406 0.0296458
0 0.455414 0.42937 0.0616094 0.0186354
0 0.469691 0.358943 0.0426015 0.0142812
0 0.673312 0.41274 0.0533125 0.0190417
0 0.0439844 0.755422 0.0879688 0.0541979
0 0.4335 0.481875 0.0673281 0.033875
0 0.169902 0.949781 0.158789 0.0804583
0 0.734246 0.608484 0.0463672 0.0398021
0 0.403176 0.422891 0.0433203 0.0158646
0 0.0475742 0.562943 0.0771953 0.0490729
0 0.48802 0.396552 0.0606953 0.0228542
0 0.773309 0.429375 0.0533515 0.0220208
0 0.776488 0.600865 0.0393828 0.0296459
0 0.324246 0.488234 0.0533515 0.0211771
