0 0.496542 0.34923 0.0491458 0.0499297
0 0.453849 0.337473 0.0383437 0.0420859
0 0.705958 0.433508 0.130208 0.15625
0 0.38376 0.411121 0.0791875 0.0898047
0 0.932516 0.676797 0.134969 0.286172
0 0.328021 0.494074 0.162375 0.186273
0 0.40226 0.308258 0.0167292 0.02575
0 0.483646 0.39723 0.0696459 0.0848047
0 0.607307 0.367602 0.0641563 0.0635
0 0.169839 0.75709 0.339677 0.48582
0 0.416115 0.31257 0.0186459 0.0236562
0 0.554161 0.373555 0.0634062 0.0656562
0 0.816917 0.436484 0.189083 0.131625
0 0.426656 0.328062 0.0209167 0.0311094
0 0.713313 0.586363 0.400812 0.287023
0 0.487995 0.575746 0.183427 0.28957
